a = 0.457115 
b = -0.011025 
c = 0.000175 
d = 0.055596 
